==============================================Features==============================================
Prediction = depth, Environment = unity
Available features :  ['x-0', 'y-1', 'z-2', 'u-3', 'v-4', 'd-5', 'eot-6', 'og-7', 'rad-8', 'f_sin-9', 'f_cos-10', 'g-11']
Selected features :  [6]
1. input_col =  [3, 4, 6]
2. input_startpos_col =  [3, 4, 5, 6]
3. gt_col =  [5, 6]
4. gt_startpos_col =  [0, 1, 2, 6]
5. gt_xyz_col =  [0, 1, 2, 6]
====================================================================================================
[#]Training : Trajectory Estimation
{'I': tensor([[ 1.5226,  0.0000,  0.0000,  0.0000],
        [ 0.0000,  2.2641,  0.0000,  0.0000],
        [ 0.0000,  0.0000, -1.0000,  0.0000],
        [ 0.0000,  0.0000,  0.0000,  1.0000]], device='cuda:0'), 'I_inv': tensor([[ 0.6568,  0.0000,  0.0000, -0.0000],
        [ 0.0000,  0.4417,  0.0000, -0.0000],
        [ 0.0000,  0.0000, -1.0000,  0.0000],
        [ 0.0000,  0.0000,  0.0000,  1.0000]], device='cuda:0'), 'E': tensor([[-9.9992e-01,  6.9264e-03, -1.0656e-02,  2.9683e-01],
        [ 1.2157e-02,  7.6580e-01, -6.4296e-01, -4.8654e-01],
        [-3.7068e-03,  6.4304e-01,  7.6582e-01, -5.4829e+00],
        [ 0.0000e+00,  0.0000e+00,  0.0000e+00,  1.0000e+00]], device='cuda:0'), 'E_inv': tensor([[-9.9992e-01,  1.2157e-02, -3.7068e-03,  2.8239e-01],
        [ 6.9264e-03,  7.6580e-01,  6.4304e-01,  3.8963e+00],
        [-1.0656e-02, -6.4296e-01,  7.6582e-01,  3.8893e+00],
        [ 0.0000e+00,  0.0000e+00,  0.0000e+00,  1.0000e+00]], device='cuda:0'), 'width': 1664, 'height': 1088}
