==============================================Features==============================================
Prediction = depth, Environment = unity
Available features :  ['x-0', 'y-1', 'z-2', 'u-3', 'v-4', 'd-5', 'eot-6', 'og-7', 'rad-8', 'f_sin-9', 'f_cos-10', 'g-11']
Selected features :  [6]
1. input_col =  [3, 4, 6]
2. input_startpos_col =  [3, 4, 5, 6]
3. gt_col =  [5, 6]
4. gt_startpos_col =  [0, 1, 2, 6]
5. gt_xyz_col =  [0, 1, 2, 6]
====================================================================================================
[#]Training : Trajectory Estimation
{'col_names': ['ball_world_x', 'ball_world_y', 'ball_world_z', 'ball_velocity', 'ball_screen_main_x', 'ball_screen_main_y', 'ball_screen_main_z', 'ball_ndc_main_x', 'ball_ndc_main_y', 'ball_ndc_main_z', 'ball_screen_along_x', 'ball_screen_along_y', 'ball_screen_along_z', 'ball_ndc_along_x', 'ball_ndc_along_y', 'ball_ndc_along_z', 'ball_screen_top_x', 'ball_screen_top_y', 'ball_screen_top_z', 'ball_ndc_top_x', 'ball_ndc_top_y', 'ball_ndc_top_z', 'fx', 'fy', 'fz', 'add_force_flag', 'on_ground_flag', 'force_angle_deg', 'force_angle_rad', 'force_sine', 'force_cosine', 'trajectory_type', 'outside_flag', 't'], 'mainPitchCameraParams': {'width': 1664, 'height': 1088, 'projectionMatrix': [1.52257776, 0.0, 0.0, 0.0, 0.0, 2.26409745, 0.0, 0.0, 0.0, 0.0, -1.0002, -0.20002, 0.0, 0.0, -1.0, 0.0], 'worldToCameraMatrix': [-0.9999193, 0.006926396, -0.0106558586, 0.296826124, 0.0121565508, 0.765799642, -0.642964363, -0.486536443, -0.00370682683, 0.643041968, 0.765822053, -5.48294449, 0.0, 0.0, 0.0, 1.0]}, 'alongPitchCameraParams': {'width': 1664, 'height': 1088, 'projectionMatrix': [1.246514, 0.0, 0.0, 0.0, 0.0, 1.90643311, 0.0, 0.0, 0.0, 0.0, -1.00019991, -0.20002, 0.0, 0.0, -1.0, 0.0], 'worldToCameraMatrix': [0.9999754, 0.0069844285, 0.0006269858, -0.294528335, -0.00588822272, 0.787732542, 0.615989268, 2.627064, -0.003808436, 0.6159778, -0.7877543, -9.681621, 0.0, 0.0, 0.0, 1.0]}, 'topPitchCameraParams': {'width': 1664, 'height': 1088, 'projectionMatrix': [1.13249469, 0.0, 0.0, 0.0, 0.0, 1.73205078, 0.0, 0.0, 0.0, 0.0, -1.00019991, -0.20002, 0.0, 0.0, -1.0, 0.0], 'worldToCameraMatrix': [1.0, 0.0, 0.0, -0.273118019, 0.0, -1.1920929e-07, 1.00000012, 3.616113, 0.0, 1.00000012, 1.1920929e-07, -10.000001, 0.0, 0.0, 0.0, 1.0]}}
{'mainPitchCameraParams': {'I': tensor([[ 1.5226,  0.0000,  0.0000,  0.0000],
        [ 0.0000,  2.2641,  0.0000,  0.0000],
        [ 0.0000,  0.0000, -1.0000,  0.0000],
        [ 0.0000,  0.0000,  0.0000,  1.0000]], device='cuda:0'), 'I_inv': tensor([[ 0.6568,  0.0000,  0.0000, -0.0000],
        [ 0.0000,  0.4417,  0.0000, -0.0000],
        [ 0.0000,  0.0000, -1.0000,  0.0000],
        [ 0.0000,  0.0000,  0.0000,  1.0000]], device='cuda:0'), 'E': tensor([[-9.9992e-01,  6.9264e-03, -1.0656e-02,  2.9683e-01],
        [ 1.2157e-02,  7.6580e-01, -6.4296e-01, -4.8654e-01],
        [-3.7068e-03,  6.4304e-01,  7.6582e-01, -5.4829e+00],
        [ 0.0000e+00,  0.0000e+00,  0.0000e+00,  1.0000e+00]], device='cuda:0'), 'E_inv': tensor([[-9.9992e-01,  1.2157e-02, -3.7068e-03,  2.8239e-01],
        [ 6.9264e-03,  7.6580e-01,  6.4304e-01,  3.8963e+00],
        [-1.0656e-02, -6.4296e-01,  7.6582e-01,  3.8893e+00],
        [ 0.0000e+00,  0.0000e+00,  0.0000e+00,  1.0000e+00]], device='cuda:0'), 'width': 1664, 'height': 1088}, 'alongPitchCameraParams': {'I': tensor([[ 1.2465,  0.0000,  0.0000,  0.0000],
        [ 0.0000,  1.9064,  0.0000,  0.0000],
        [ 0.0000,  0.0000, -1.0000,  0.0000],
        [ 0.0000,  0.0000,  0.0000,  1.0000]], device='cuda:0'), 'I_inv': tensor([[ 0.8022,  0.0000,  0.0000, -0.0000],
        [ 0.0000,  0.5245,  0.0000, -0.0000],
        [ 0.0000,  0.0000, -1.0000,  0.0000],
        [ 0.0000,  0.0000,  0.0000,  1.0000]], device='cuda:0'), 'E': tensor([[ 9.9998e-01,  6.9844e-03,  6.2699e-04, -2.9453e-01],
        [-5.8882e-03,  7.8773e-01,  6.1599e-01,  2.6271e+00],
        [-3.8084e-03,  6.1598e-01, -7.8775e-01, -9.6816e+00],
        [ 0.0000e+00,  0.0000e+00,  0.0000e+00,  1.0000e+00]], device='cuda:0'), 'E_inv': tensor([[ 9.9998e-01, -5.8882e-03, -3.8084e-03,  2.7312e-01],
        [ 6.9844e-03,  7.8773e-01,  6.1598e-01,  3.8963e+00],
        [ 6.2699e-04,  6.1599e-01, -7.8775e-01, -9.2448e+00],
        [ 0.0000e+00,  0.0000e+00,  0.0000e+00,  1.0000e+00]], device='cuda:0'), 'width': 1664, 'height': 1088}, 'topPitchCameraParams': {'I': tensor([[ 1.1325,  0.0000,  0.0000,  0.0000],
        [ 0.0000,  1.7321,  0.0000,  0.0000],
        [ 0.0000,  0.0000, -1.0000,  0.0000],
        [ 0.0000,  0.0000,  0.0000,  1.0000]], device='cuda:0'), 'I_inv': tensor([[ 0.8830,  0.0000,  0.0000, -0.0000],
        [ 0.0000,  0.5774,  0.0000, -0.0000],
        [ 0.0000,  0.0000, -1.0000,  0.0000],
        [ 0.0000,  0.0000,  0.0000,  1.0000]], device='cuda:0'), 'E': tensor([[ 1.0000e+00,  0.0000e+00,  0.0000e+00, -2.7312e-01],
        [ 0.0000e+00, -1.1921e-07,  1.0000e+00,  3.6161e+00],
        [ 0.0000e+00,  1.0000e+00,  1.1921e-07, -1.0000e+01],
        [ 0.0000e+00,  0.0000e+00,  0.0000e+00,  1.0000e+00]], device='cuda:0'), 'E_inv': tensor([[ 1.0000e+00, -0.0000e+00, -0.0000e+00,  2.7312e-01],
        [ 0.0000e+00, -1.1921e-07,  1.0000e+00,  1.0000e+01],
        [ 0.0000e+00,  1.0000e+00,  1.1921e-07, -3.6161e+00],
        [ 0.0000e+00,  0.0000e+00,  0.0000e+00,  1.0000e+00]], device='cuda:0'), 'width': 1664, 'height': 1088}}
