==============================================Features==============================================
Prediction = depth, Environment = unity
Available features :  ['x-0', 'y-1', 'z-2', 'u-3', 'v-4', 'd-5', 'eot-6', 'og-7', 'rad-8', 'f_sin-9', 'f_cos-10', 'g-11']
Selected features :  [6]
1. input_col =  [3, 4, 6]
2. input_startpos_col =  [3, 4, 5, 6]
3. gt_col =  [5, 6]
4. gt_startpos_col =  [0, 1, 2, 6]
5. gt_xyz_col =  [0, 1, 2, 6]
====================================================================================================
[#]Training : Trajectory Estimation
{'main': {'I': tensor([[ 1.5226,  0.0000,  0.0000,  0.0000],
        [ 0.0000,  2.2641,  0.0000,  0.0000],
        [ 0.0000,  0.0000, -1.0000,  0.0000],
        [ 0.0000,  0.0000,  0.0000,  1.0000]], device='cuda:0'), 'I_inv': tensor([[ 0.6568,  0.0000,  0.0000, -0.0000],
        [ 0.0000,  0.4417,  0.0000, -0.0000],
        [ 0.0000,  0.0000, -1.0000,  0.0000],
        [ 0.0000,  0.0000,  0.0000,  1.0000]], device='cuda:0'), 'E': tensor([[-9.9992e-01,  6.9264e-03, -1.0656e-02,  2.9683e-01],
        [ 1.2157e-02,  7.6580e-01, -6.4296e-01, -4.8654e-01],
        [-3.7068e-03,  6.4304e-01,  7.6582e-01, -5.4829e+00],
        [ 0.0000e+00,  0.0000e+00,  0.0000e+00,  1.0000e+00]], device='cuda:0'), 'E_inv': tensor([[-9.9992e-01,  1.2157e-02, -3.7068e-03,  2.8239e-01],
        [ 6.9264e-03,  7.6580e-01,  6.4304e-01,  3.8963e+00],
        [-1.0656e-02, -6.4296e-01,  7.6582e-01,  3.8893e+00],
        [ 0.0000e+00,  0.0000e+00,  0.0000e+00,  1.0000e+00]], device='cuda:0'), 'width': 1664, 'height': 1088}, 'along': {'I': tensor([[ 1.2465,  0.0000,  0.0000,  0.0000],
        [ 0.0000,  1.9064,  0.0000,  0.0000],
        [ 0.0000,  0.0000, -1.0000,  0.0000],
        [ 0.0000,  0.0000,  0.0000,  1.0000]], device='cuda:0'), 'I_inv': tensor([[ 0.8022,  0.0000,  0.0000, -0.0000],
        [ 0.0000,  0.5245,  0.0000, -0.0000],
        [ 0.0000,  0.0000, -1.0000,  0.0000],
        [ 0.0000,  0.0000,  0.0000,  1.0000]], device='cuda:0'), 'E': tensor([[ 9.9998e-01,  6.9844e-03,  6.2699e-04, -2.9453e-01],
        [-5.8882e-03,  7.8773e-01,  6.1599e-01,  2.6271e+00],
        [-3.8084e-03,  6.1598e-01, -7.8775e-01, -9.6816e+00],
        [ 0.0000e+00,  0.0000e+00,  0.0000e+00,  1.0000e+00]], device='cuda:0'), 'E_inv': tensor([[ 9.9998e-01, -5.8882e-03, -3.8084e-03,  2.7312e-01],
        [ 6.9844e-03,  7.8773e-01,  6.1598e-01,  3.8963e+00],
        [ 6.2699e-04,  6.1599e-01, -7.8775e-01, -9.2448e+00],
        [ 0.0000e+00,  0.0000e+00,  0.0000e+00,  1.0000e+00]], device='cuda:0'), 'width': 1664, 'height': 1088}, 'top': {'I': tensor([[ 1.1325,  0.0000,  0.0000,  0.0000],
        [ 0.0000,  1.7321,  0.0000,  0.0000],
        [ 0.0000,  0.0000, -1.0000,  0.0000],
        [ 0.0000,  0.0000,  0.0000,  1.0000]], device='cuda:0'), 'I_inv': tensor([[ 0.8830,  0.0000,  0.0000, -0.0000],
        [ 0.0000,  0.5774,  0.0000, -0.0000],
        [ 0.0000,  0.0000, -1.0000,  0.0000],
        [ 0.0000,  0.0000,  0.0000,  1.0000]], device='cuda:0'), 'E': tensor([[ 1.0000e+00,  0.0000e+00,  0.0000e+00, -2.7312e-01],
        [ 0.0000e+00, -1.1921e-07,  1.0000e+00,  3.6161e+00],
        [ 0.0000e+00,  1.0000e+00,  1.1921e-07, -1.0000e+01],
        [ 0.0000e+00,  0.0000e+00,  0.0000e+00,  1.0000e+00]], device='cuda:0'), 'E_inv': tensor([[ 1.0000e+00, -0.0000e+00, -0.0000e+00,  2.7312e-01],
        [ 0.0000e+00, -1.1921e-07,  1.0000e+00,  1.0000e+01],
        [ 0.0000e+00,  1.0000e+00,  1.1921e-07, -3.6161e+00],
        [ 0.0000e+00,  0.0000e+00,  0.0000e+00,  1.0000e+00]], device='cuda:0'), 'width': 1664, 'height': 1088}}
